U1: 2025-07-18 23:46:52.519197
U2: 2025-07-18 23:47:52.845276
U3: 2025-07-18 23:48:53.185372
U4: 2025-07-18 23:49:53.652975
U6: 2025-07-18 23:50:54.015527
