U1: 2025-07-19 02:00:11.359736
U2: 2025-07-19 02:01:11.682343
U3: 2025-07-19 02:02:11.983635
U4: 2025-07-19 02:03:12.352359
U6: 2025-07-19 02:04:12.671379
